an 1 1 1 0.84 -20.7385
an 1 10 1 1 -40.487
an 1 100 1 1 -222.092
an 1 1000 1 1 -1896.89
an 1 10000 1 1 -19214.1
an 1 100000 1 1 -192125
an 2 1 1 0.04 -27.5165
an 2 10 1 0.84 -51.0358
an 2 100 1 1 -229.41
an 2 1000 1 1 -1904.21
an 2 10000 1 1 -19221.4
an 2 100000 1 1 -192133
an 3 1 1 0.04 -35.6452
an 3 10 1 1 -58.3538
an 3 100 1 1 -239.959
an 3 1000 1 1 -1912.05
an 3 10000 1 1 -19229.3
an 3 100000 1 1 -192140
an 4 1 0.94117 0.64 -59.1205
an 4 10 1 1 -65.0641
an 4 100 1 0.64 -246.109
an 4 1000 1 1 -1920.23
an 4 10000 1 1 -19237.5
an 4 100000 1 1 -192149
sigmaplus 1 1 1 0.04 -6.6447
sigmaplus 1 10 0.96666 0.6 -72.6706
sigmaplus 1 100 0.96774 1 -805.851
sigmaplus 1 1000 0.96774 1 -5259.56
sigmaplus 1 10000 0.96774 1 -51630.4
sigmaplus 1 100000 0.96774 1 -523789
sigmaplus 2 1 1 0.04 -13.2693
sigmaplus 2 10 0.375 0.84 -90.6419
sigmaplus 2 100 1 1 -776.833
sigmaplus 2 1000 1 1 -4892.42
sigmaplus 2 10000 1 1 -47954.7
sigmaplus 2 100000 1 1 -487270
sigmaplus 3 1 1 0.04 -20.7049
sigmaplus 3 10 0.16666 1 -98.0145
sigmaplus 3 100 1 1 -787.909
sigmaplus 3 1000 1 1 -4905.82
sigmaplus 3 10000 1 1 -47970
sigmaplus 3 100000 1 1 -487283
sigmaplus 4 1 1 0.04 -28.598
sigmaplus 4 10 0.96428 0.44 -104.257
sigmaplus 4 100 1 1 -825.584
sigmaplus 4 1000 1 1 -4916.01
sigmaplus 4 10000 1 1 -47980.2
sigmaplus 4 100000 1 1 -487293
abn 1 1 1 0.84 -24.5189
abn 1 10 1 1 -46.199
abn 1 100 1 1 -220.463
abn 1 1000 1 1 -1969.62
abn 1 10000 1 1 -19462.8
abn 1 100000 1 1 -192894
abn 2 1 1 0.84 -31.8366
abn 2 10 1 1 -53.8615
abn 2 100 1 1 -227.78
abn 2 1000 1 1 -1976.94
abn 2 10000 1 1 -19470.2
abn 2 100000 1 1 -192901
abn 3 1 1 0.88 -44.8696
abn 3 10 1 0.88 -61.3578
abn 3 100 1 0.88 -235.621
abn 3 1000 1 0.88 -1984.78
abn 3 10000 1 1 -19478.7
abn 3 100000 1 1 -192909
abn 4 1 1 0.08 -66.874
abn 4 10 1 0.84 -70.9249
abn 4 100 1 1 -244.495
abn 4 1000 1 1 -1993.66
abn 4 10000 1 1 -19486.9
abn 4 100000 1 1 -192918
aaa 1 1 1 0.33333 -6.6447
aaa 1 10 1 0.33333 -24.7998
aaa 1 100 0.75 1 -118.283
aaa 1 1000 1 1 -1021.02
aaa 1 10000 1 1 -9717.24
aaa 1 100000 1 1 -97055.8
aaa 2 1 1 0.33333 -13.2693
aaa 2 10 1 0.33333 -31.4244
aaa 2 100 1 1 -123.557
aaa 2 1000 1 1 -1027.23
aaa 2 10000 1 1 -9724.64
aaa 2 100000 1 1 -97057.7
aaa 3 1 1 0.33333 -20.7049
aaa 3 10 1 0.33333 -38.86
aaa 3 100 0.21428 1 -133.508
aaa 3 1000 1 1 -1035.77
aaa 3 10000 1 1 -9734.01
aaa 3 100000 1 1 -97065.3
aaa 4 1 1 0.33333 -28.598
aaa 4 10 1 0.33333 -46.7531
aaa 4 100 0.21428 1 -141.689
aaa 4 1000 1 1 -1045.96
aaa 4 10000 1 1 -9746.37
aaa 4 100000 1 1 -97079
aaaa 1 1 1 0.25 -15.5719
aaaa 1 10 0.19047 1 -26.4093
aaaa 1 100 0.23529 1 -135.546
aaaa 1 1000 0.57142 1 -1191.67
aaaa 1 10000 1 1 -11518.8
aaaa 1 100000 1 1 -115630
aaaa 2 1 1 0.25 -22.1965
aaaa 2 10 0.19047 1 -33.7271
aaaa 2 100 0.23529 1 -142.864
aaaa 2 1000 0.23529 1 -1201
aaaa 2 10000 1 1 -11523.7
aaaa 2 100000 1 1 -115642
aaaa 3 1 1 0.25 -29.6321
aaaa 3 10 0.19047 1 -41.5681
aaaa 3 100 0.23529 1 -150.705
aaaa 3 1000 1 1 -1205.45
aaaa 3 10000 1 1 -11547.9
aaaa 3 100000 1 1 -115664
aaaa 4 1 1 0.25 -38.2184
aaaa 4 10 0.19047 1 -49.7489
aaaa 4 100 0.23529 1 -158.886
aaaa 4 1000 0.23529 1 -1217.03
aaaa 4 10000 0.36363 1 -11765.5
aaaa 4 100000 1 1 -116352
anbm 1 1 1 0.28 -24.5089
anbm 1 10 1 1 -85.8615
anbm 1 100 1 1 -458.127
anbm 1 1000 1 1 -4135.61
anbm 1 10000 1 1 -40098
anbm 1 100000 1 1 -404010
anbm 2 1 1 0.28 -31.8267
anbm 2 10 1 1 -81.785
anbm 2 100 1 1 -426.336
anbm 2 1000 1 1 -3876.21
anbm 2 10000 1 1 -38426.9
anbm 2 100000 1 1 -384892
anbm 3 1 1 0.28 -39.6677
anbm 3 10 1 1 -91.7126
anbm 3 100 1 1 -439.999
anbm 3 1000 1 1 -3889.87
anbm 3 10000 1 1 -38440.6
anbm 3 100000 1 1 -384905
anbm 4 1 1 0.28 -47.8486
anbm 4 10 1 1 -99.1107
anbm 4 100 1 1 -445.376
anbm 4 1000 1 1 -3908.01
anbm 4 10000 1 1 -38439.6
anbm 4 100000 1 1 -384908
goldenmean 1 1 1 0.04 -11.1083
goldenmean 1 10 0.96774 0.6 -80.2682
goldenmean 1 100 1 1 -422.819
goldenmean 1 1000 1 1 -3901.99
goldenmean 1 10000 1 1 -38712.9
goldenmean 1 100000 1 1 -384902
goldenmean 2 1 1 0.04 -17.7329
goldenmean 2 10 1 0.6 -79.2416
goldenmean 2 100 1 1 -403.714
goldenmean 2 1000 1 1 -3867.62
goldenmean 2 10000 1 1 -38305.3
goldenmean 2 100000 1 1 -380664
goldenmean 3 1 1 0.04 -25.1685
goldenmean 3 10 1 0.6 -88.1932
goldenmean 3 100 0.96 1 -429.63
goldenmean 3 1000 0.96 1 -4116.25
goldenmean 3 10000 0.96 1 -40724.3
goldenmean 3 100000 0.96 1 -404179
goldenmean 4 1 1 0.04 -33.0616
goldenmean 4 10 1 0.6 -95.2635
goldenmean 4 100 1 1 -428.33
goldenmean 4 1000 1 1 -3877.1
goldenmean 4 10000 1 1 -38793.5
goldenmean 4 100000 1 1 -385444
even 1 1 1 0 -33.4263
even 1 10 1 1 -69.2871
even 1 100 1 1 -468.823
even 1 1000 1 1 -5524.48
even 1 10000 1 1 -51151.2
even 1 100000 1 1 -515754
even 2 1 0.5 0 -37.8662
even 2 10 0.96969 1 -80.9977
even 2 100 1 1 -479.578
even 2 1000 1 1 -5526.91
even 2 10000 1 1 -51135
even 2 100000 1 1 -514366
even 3 1 1 0.04 -42.4713
even 3 10 1 1 -82.0092
even 3 100 1 1 -479.005
even 3 1000 1 1 -5555.53
even 3 10000 1 1 -51325.2
even 3 100000 1 1 -517974
even 4 1 1 0.04 -54.6049
even 4 10 1 1 -90.19
even 4 100 1 1 -489.455
even 4 1000 1 1 -5559.18
even 4 10000 1 1 -51347.9
even 4 100000 1 1 -517641
apbap 1 1 1 0.04 -13.4925
apbap 1 10 1 1 -64.2217
apbap 1 100 1 1 -327.196
apbap 1 1000 1 1 -2830.67
apbap 1 10000 1 1 -27736.5
apbap 1 100000 1 1 -277586
apbap 2 1 1 0.04 -20.1171
apbap 2 10 1 1 -61.3143
apbap 2 100 1 1 -324.289
apbap 2 1000 1 1 -2827.76
apbap 2 10000 1 1 -27733.6
apbap 2 100000 1 1 -277583
apbap 3 1 1 0.04 -27.5526
apbap 3 10 1 1 -73.4128
apbap 3 100 1 1 -332.535
apbap 3 1000 1 1 -2836.01
apbap 3 10000 1 1 -27741.8
apbap 3 100000 1 1 -277591
apbap 4 1 1 0.04 -35.4458
apbap 4 10 1 1 -78.0293
apbap 4 100 1 1 -341.004
apbap 4 1000 1 1 -2844.48
apbap 4 10000 1 1 -27750.3
apbap 4 100000 1 1 -277600
apbapp 1 1 1 0 -24.8038
apbapp 1 10 0.56666 0.92 -68.9696
apbapp 1 100 0.72 0.88 -898.37
apbapp 1 1000 0.73076 0.88 -7510.58
apbapp 1 10000 0.76 1 -71047.1
apbapp 1 100000 0.76 1 -732861
apbapp 2 1 1 0 -29.1259
apbapp 2 10 0.66666 0.96 -75.3772
apbapp 2 100 1 1 -637.128
apbapp 2 1000 1 1 -4671.14
apbapp 2 10000 1 1 -46895.4
apbapp 2 100000 1 1 -481521
apbapp 3 1 1 0 -36.5614
apbapp 3 10 0.61538 1 -83.5034
apbapp 3 100 1 1 -627.745
apbapp 3 1000 1 1 -4691.33
apbapp 3 10000 1 1 -46697.9
apbapp 3 100000 1 1 -477910
apbapp 4 1 1 0 -44.4546
apbapp 4 10 0.46428 0.76 -91.7435
apbapp 4 100 1 1 -627.233
apbapp 4 1000 1 1 -4846.26
apbapp 4 10000 1 1 -46690.3
apbapp 4 100000 1 1 -477729
asbasp 1 1 1 0.04 -17.2629
asbasp 1 10 0.60606 0.72 -133.62
asbasp 1 100 0.57692 1 -776.506
asbasp 1 1000 0.48 1 -9310.72
asbasp 1 10000 0.48 1 -88323
asbasp 1 100000 0.48 1 -868532
asbasp 2 1 1 0.04 -23.8875
asbasp 2 10 0.60714 1 -142.549
asbasp 2 100 1 1 -468.536
asbasp 2 1000 1 1 -5205.14
asbasp 2 10000 1 1 -50933.5
asbasp 2 100000 1 1 -495034
asbasp 3 1 1 0.04 -31.3231
asbasp 3 10 1 1 -103.246
asbasp 3 100 1 1 -469.648
asbasp 3 1000 1 1 -5275.69
asbasp 3 10000 1 1 -50276.6
asbasp 3 100000 1 1 -489177
asbasp 4 1 1 0.04 -39.2162
asbasp 4 10 0.47222 0.6 -138.931
asbasp 4 100 1 1 -490.075
asbasp 4 1000 1 1 -5100.55
asbasp 4 10000 1 1 -50807
asbasp 4 100000 1 1 -489415
sigmaaaasigma 1 1 0.66666 0.12 -26.0368
sigmaaaasigma 1 10 0.60606 0.36 -142.803
sigmaaaasigma 1 100 0.5 0.88 -1474.32
sigmaaaasigma 1 1000 1 0.32 -16855.9
sigmaaaasigma 1 10000 0.96 0.32 -173720
sigmaaaasigma 1 100000 0.96 0.32 -1.72392e+06
sigmaaaasigma 2 1 0.61904 0.12 -31.8367
sigmaaaasigma 2 10 0.34615 0.8 -146.584
sigmaaaasigma 2 100 1 0.32 -1497.89
sigmaaaasigma 2 1000 0.40740 0.48 -16521.2
sigmaaaasigma 2 10000 0.62963 1 -168109
sigmaaaasigma 2 100000 0.62963 1 -1.65997e+06
sigmaaaasigma 3 1 1 0.04 -39.334
sigmaaaasigma 3 10 0.88461 0.72 -152.344
sigmaaaasigma 3 100 1 0.88 -1467.55
sigmaaaasigma 3 1000 0.92 0.88 -16137.8
sigmaaaasigma 3 10000 0.44 0.72 -165396
sigmaaaasigma 3 100000 0.44 0.72 -1.64391e+06
sigmaaaasigma 4 1 1 0.04 -47.2272
sigmaaaasigma 4 10 0.65384 0.68 -154.941
sigmaaaasigma 4 100 0.76923 0.72 -1491.03
sigmaaaasigma 4 1000 0.5 1 -16596.5
sigmaaaasigma 4 10000 0.53846 0.48 -170247
sigmaaaasigma 4 100000 0.53846 0.48 -1.69488e+06
counta2 1 1 0.25806 0.04 -34.3386
counta2 1 10 0.86666 0.64 -119.333
counta2 1 100 0.57142 1 -837.066
counta2 1 1000 1 1 -7065.51
counta2 1 10000 1 1 -70428.3
counta2 1 100000 1 1 -710977
counta2 2 1 1 0 -37.4415
counta2 2 10 0.86666 0.64 -126.65
counta2 2 100 0.71875 1 -832.191
counta2 2 1000 0.96 1 -7115.13
counta2 2 10000 0.96 1 -71216.1
counta2 2 100000 0.96 1 -716874
counta2 3 1 1 0 -44.8771
counta2 3 10 0.86666 0.64 -134.491
counta2 3 100 0.57142 1 -837.077
counta2 3 1000 1 1 -7206.31
counta2 3 10000 1 1 -71740.2
counta2 3 100000 1 1 -722432
counta2 4 1 1 0 -52.7702
counta2 4 10 0.86666 0.64 -142.6
counta2 4 100 0.86842 0.96 -850.103
counta2 4 1000 1 1 -7045.25
counta2 4 10000 1 1 -69961
counta2 4 100000 1 1 -706290
countaeven 1 1 1 0.04 -13.4925
countaeven 1 10 0.5 1 -83.3823
countaeven 1 100 1 1 -477.086
countaeven 1 1000 1 1 -3934.03
countaeven 1 10000 1 1 -39647
countaeven 1 100000 1 1 -398961
countaeven 2 1 1 0.04 -20.1171
countaeven 2 10 0.59259 0.6 -85.5641
countaeven 2 100 0.51724 1 -521.948
countaeven 2 1000 1 1 -3967.17
countaeven 2 10000 1 1 -39828.3
countaeven 2 100000 1 1 -400666
countaeven 3 1 1 0.04 -27.5526
countaeven 3 10 0.51612 0.48 -94.1985
countaeven 3 100 1 1 -499.105
countaeven 3 1000 1 1 -3930
countaeven 3 10000 1 1 -39441.1
countaeven 3 100000 1 1 -396869
countaeven 4 1 1 0.04 -35.4458
countaeven 4 10 0.54838 0.28 -98.6572
countaeven 4 100 0.51724 1 -530.985
countaeven 4 1000 1 1 -4162.78
countaeven 4 10000 1 1 -39457.3
countaeven 4 100000 1 1 -396886
asigmab 1 1 1 0.04 -20.0355
asigmab 1 10 0.53571 0.36 -85.3092
asigmab 1 100 0.5 1 -674.025
asigmab 1 1000 0.96428 0.96 -5715.61
asigmab 1 10000 0.96296 0.96 -59101.3
asigmab 1 100000 0.96296 0.96 -588583
asigmab 2 1 1 0.04 -26.6602
asigmab 2 10 0.96 1 -81.7364
asigmab 2 100 1 0.68 -570.099
asigmab 2 1000 0.96774 1 -5320.55
asigmab 2 10000 0.96774 1 -55068.5
asigmab 2 100000 0.96774 1 -544026
asigmab 3 1 1 0.04 -34.0957
asigmab 3 10 0.5 0.76 -98.6195
asigmab 3 100 1 1 -558.432
asigmab 3 1000 1 1 -4965.79
asigmab 3 10000 1 1 -51404.7
asigmab 3 100000 1 1 -507104
asigmab 4 1 1 0.04 -41.9888
asigmab 4 10 0.96153 1 -97.1471
asigmab 4 100 0.96 1 -580.882
asigmab 4 1000 1 1 -5076.68
asigmab 4 10000 1 1 -51414.2
asigmab 4 100000 1 1 -507107
anbn 1 1 0 0 -81.3698
anbn 1 10 1 0.84 -37.5626
anbn 1 100 1 1 -199.436
anbn 1 1000 1 1 -1988.14
anbn 1 10000 1 1 -19478.4
anbn 1 100000 1 1 -192931
anbn 2 1 1 0.84 -39.1545
anbn 2 10 1 0.84 -44.8803
anbn 2 100 1 1 -206.753
anbn 2 1000 1 1 -1993.69
anbn 2 10000 1 1 -19483.9
anbn 2 100000 1 1 -192938
anbn 3 1 0.95238 0.8 -46.6092
anbn 3 10 1 0.84 -57.185
anbn 3 100 1 0.88 -214.594
anbn 3 1000 1 0.88 -2003.3
anbn 3 10000 1 1 -19493.5
anbn 3 100000 1 1 -192949
anbn 4 1 1 0.84 -56.7858
anbn 4 10 1 0.84 -60.9022
anbn 4 100 1 0.84 -225.483
anbn 4 1000 1 0.84 -2014.19
anbn 4 10000 1 1 -19505.1
anbn 4 100000 1 1 -192959
dyck 1 1 0.48437 1 -36.9935
dyck 1 10 0.6 0.84 -69.2459
dyck 1 100 1 1 -668.763
dyck 1 1000 1 1 -5460.44
dyck 1 10000 1 1 -61107.8
dyck 1 100000 1 1 -621867
dyck 2 1 1 0.04 -37.0552
dyck 2 10 0.62963 0.52 -72.4086
dyck 2 100 0.88461 0.84 -951.49
dyck 2 1000 1 1 -5462.26
dyck 2 10000 1 1 -61109.6
dyck 2 100000 1 1 -621869
dyck 3 1 1 0.04 -41.2074
dyck 3 10 0.62963 0.48 -81.3482
dyck 3 100 1 1 -681.988
dyck 3 1000 1 1 -5475.13
dyck 3 10000 1 1 -61118.6
dyck 3 100000 1 1 -621878
dyck 4 1 1 0.04 -49.3882
dyck 4 10 0.5 0.88 -92.3983
dyck 4 100 1 1 -755.644
dyck 4 1000 1 1 -5479.25
dyck 4 10000 1 1 -61122.9
dyck 4 100000 1 1 -621882
anb2n 1 1 0.04761 0.04 -61.7125
anb2n 1 10 0.12 0.24 -69.8848
anb2n 1 100 0.16 0.32 -612.607
anb2n 1 1000 1 1 -1999.55
anb2n 1 10000 1 1 -19528.7
anb2n 1 100000 1 1 -192423
anb2n 2 1 0.42307 0.72 -56.1275
anb2n 2 10 1 0.84 -50.0371
anb2n 2 100 1 1 -231.919
anb2n 2 1000 1 1 -1992.09
anb2n 2 10000 1 1 -19518.5
anb2n 2 100000 1 1 -192420
anb2n 3 1 0.25 0.76 -55.1242
anb2n 3 10 1 0.84 -58.5713
anb2n 3 100 1 0.88 -237.745
anb2n 3 1000 1 0.88 -1997.92
anb2n 3 10000 1 0.88 -19527.1
anb2n 3 100000 1 1 -192430
anb2n 4 1 0.24 0.72 -64.2213
anb2n 4 10 1 0.44 -71.8035
anb2n 4 100 0.95238 0.8 -336.03
anb2n 4 1000 1 0.52 -2309.75
anb2n 4 10000 1 1 -19550
anb2n 4 100000 1 1 -193039
ancbn 1 1 0 0 -27.5548
ancbn 1 10 1 0.84 -47.2645
ancbn 1 100 1 1 -231.421
ancbn 1 1000 1 1 -1974.97
ancbn 1 10000 1 1 -19343.3
ancbn 1 100000 1 1 -193306
ancbn 2 1 1 0.04 -31.1238
ancbn 2 10 1 0.84 -50.7302
ancbn 2 100 1 1 -237.595
ancbn 2 1000 1 1 -1981.14
ancbn 2 10000 1 1 -19351.4
ancbn 2 100000 1 1 -193314
ancbn 3 1 0 0 -40.0872
ancbn 3 10 1 0.84 -59.2644
ancbn 3 100 1 0.88 -243.421
ancbn 3 1000 1 0.88 -1986.97
ancbn 3 10000 1 1 -19357.2
ancbn 3 100000 1 1 -193320
ancbn 4 1 1 0.04 -47.8388
ancbn 4 10 1 0.84 -67.4452
ancbn 4 100 1 0.84 -251.602
ancbn 4 1000 1 0.84 -1995.15
ancbn 4 10000 1 1 -19365.4
ancbn 4 100000 1 1 -193328
anabn 1 1 0 0 -32.0185
anabn 1 10 1 0.84 -53.8076
anabn 1 100 1 1 -228.051
anabn 1 1000 1 1 -1960.36
anabn 1 10000 1 1 -19333.4
anabn 1 100000 1 1 -193289
anabn 2 1 0 0 -40.6771
anabn 2 10 0.96 1 -59.5042
anabn 2 100 1 0.84 -245.976
anabn 2 1000 0.96 1 -2015.39
anabn 2 10000 0.96 1 -19771.5
anabn 2 100000 0.96 1 -197558
anabn 3 1 1 0.04 -43.5915
anabn 3 10 1 0.84 -67.4985
anabn 3 100 1 0.88 -241.113
anabn 3 1000 1 0.88 -1972.77
anabn 3 10000 1 1 -19355.1
anabn 3 100000 1 1 -193311
anabn 4 1 0 0 -54.8281
anabn 4 10 1 0.84 -69.6063
anabn 4 100 1 0.64 -241.141
anabn 4 1000 1 1 -1978.93
anabn 4 10000 1 1 -19352
anabn 4 100000 1 1 -193308
abnaban 1 1 0 0 -46.7554
abnaban 1 10 1 1 -63.9489
abnaban 1 100 1 1 -242.907
abnaban 1 1000 1 1 -2014.51
abnaban 1 10000 1 1 -19423.2
abnaban 1 100000 1 1 -194225
abnaban 2 1 1 1 -46.415
abnaban 2 10 1 1 -67.5778
abnaban 2 100 1 1 -244.18
abnaban 2 1000 1 1 -2018.14
abnaban 2 10000 1 1 -19426.9
abnaban 2 100000 1 1 -194231
abnaban 3 1 1 0.88 -54.256
abnaban 3 10 1 0.64 -74.6632
abnaban 3 100 1 0.64 -251.265
abnaban 3 1000 1 0.88 -2025.98
abnaban 3 10000 1 1 -19434.7
abnaban 3 100000 0.76 0.88 -194192
abnaban 4 1 1 0.88 -62.4369
abnaban 4 10 1 0.64 -83.5996
abnaban 4 100 1 0.84 -260.202
abnaban 4 1000 1 0.84 -2034.16
abnaban 4 10000 1 1 -19442.9
abnaban 4 100000 1 1 -194245
anbmcn 1 1 1 0.04 -33.4263
anbmcn 1 10 1 0.72 -113.864
anbmcn 1 100 0.69230 0.72 -631.69
anbmcn 1 1000 0.88 0.96 -8027.29
anbmcn 1 10000 0.88 0.96 -81742.3
anbmcn 1 100000 0.88 0.96 -807702
anbmcn 2 1 0.04761 0.04 -40.7639
anbmcn 2 10 1 0.84 -112.955
anbmcn 2 100 1 0.96 -690.361
anbmcn 2 1000 1 0.96 -7507.42
anbmcn 2 10000 1 1 -43956.6
anbmcn 2 100000 1 1 -441486
anbmcn 3 1 1 0.04 -45.4071
anbmcn 3 10 0.82142 1 -125.761
anbmcn 3 100 0.72 1 -844.722
anbmcn 3 1000 0.34615 0.8 -9274.6
anbmcn 3 10000 0.32 0.8 -92126.2
anbmcn 3 100000 0.32 0.8 -916965
anbmcn 4 1 0 0 -54.8281
anbmcn 4 10 0.75 1 -116.204
anbmcn 4 100 0.76 1 -485.668
anbmcn 4 1000 1 1 -4018.54
anbmcn 4 10000 1 1 -40048
anbmcn 4 100000 1 1 -404483
anbma2n 1 1 0.06666 0.04 -34.914
anbma2n 1 10 0.74074 0.84 -110.832
anbma2n 1 100 1 0.88 -665.879
anbma2n 1 1000 0.88 0.96 -7024.33
anbma2n 1 10000 0.5 0.6 -75712.3
anbma2n 1 100000 0.96 1 -698746
anbma2n 2 1 0.06666 0.04 -38.4613
anbma2n 2 10 0.17857 0.32 -182.123
anbma2n 2 100 1 1 -505.408
anbma2n 2 1000 0.92 1 -6352.38
anbma2n 2 10000 1 1 -45726.4
anbma2n 2 100000 1 1 -415976
anbma2n 3 1 0.06666 0.04 -46.3024
anbma2n 3 10 0.52 1 -112.532
anbma2n 3 100 1 1 -423.501
anbma2n 3 1000 1 1 -3888.89
anbma2n 3 10000 1 1 -39568
anbma2n 3 100000 1 1 -412933
anbma2n 4 1 0.0625 0.04 -55.8259
anbma2n 4 10 1 1 -115.065
anbma2n 4 100 1 1 -425.518
anbma2n 4 1000 1 1 -3897.36
anbma2n 4 10000 1 1 -40022.7
anbma2n 4 100000 1 1 -412911
anbnc2n 1 1 1 0.04 -20.0355
anbnc2n 1 10 1 0.84 -50.565
anbnc2n 1 100 1 1 -224.164
anbnc2n 1 1000 1 1 -1983.88
anbnc2n 1 10000 1 1 -19178.9
anbnc2n 1 100000 1 1 -192641
anbnc2n 2 1 1 0.04 -26.6602
anbnc2n 2 10 1 0.84 -54.5007
anbnc2n 2 100 1 1 -228.1
anbnc2n 2 1000 1 1 -1987.82
anbnc2n 2 10000 1 1 -19182.9
anbnc2n 2 100000 1 1 -192645
anbnc2n 3 1 1 0.04 -34.0957
anbnc2n 3 10 1 0.84 -62.3417
anbnc2n 3 100 1 0.88 -236.634
anbnc2n 3 1000 1 1 -1998.37
anbnc2n 3 10000 1 0.88 -19191.4
anbnc2n 3 100000 1 1 -192655
anbnc2n 4 1 1 0.04 -41.9888
anbnc2n 4 10 1 0.64 -70.5225
anbnc2n 4 100 1 0.84 -244.122
anbnc2n 4 1000 1 1 -2014.03
anbnc2n 4 10000 1 0.84 -19198.9
anbnc2n 4 100000 1 1 -192662
sigmaanbn 1 1 0 0 -77.6536
sigmaanbn 1 10 0.07692 0 -251.547
sigmaanbn 1 100 0 0.76 -3443.86
sigmaanbn 1 1000 0 0.76 -32734.7
sigmaanbn 1 10000 0 0.76 -343349
sigmaanbn 1 100000 0 0.76 -3.44542e+06
sigmaanbn 2 1 0.76923 0 -62.4755
sigmaanbn 2 10 0.25925 0.24 -250.489
sigmaanbn 2 100 0.8 0.76 -3460.85
sigmaanbn 2 1000 0.88 0.88 -30911.9
sigmaanbn 2 10000 0.88 0.88 -324203
sigmaanbn 2 100000 0.88 0.88 -3.24964e+06
sigmaanbn 3 1 0.72 0 -63.9262
sigmaanbn 3 10 0.78571 0.68 -195.728
sigmaanbn 3 100 0.72727 0.88 -3113.74
sigmaanbn 3 1000 0.52 0.84 -28921.4
sigmaanbn 3 10000 0.8 0.8 -327515
sigmaanbn 3 100000 0.8 0.8 -3.27308e+06
sigmaanbn 4 1 0.53846 0 -74.8604
sigmaanbn 4 10 0.24 0.48 -205.017
sigmaanbn 4 100 0.44 0.72 -3206.14
sigmaanbn 4 1000 0.65384 0.64 -29622.3
sigmaanbn 4 10000 0.4 0.84 -318498
sigmaanbn 4 100000 0.4 0.84 -3.19642e+06
anbmcm 1 1 0.96 0.28 -31.7805
anbmcm 1 10 0.64 0.72 -105.571
anbmcm 1 100 0.64 0.76 -2452.02
anbmcm 1 1000 0.28 0.28 -14074.5
anbmcm 1 10000 0.22222 0.28 -145485
anbmcm 1 100000 0.22222 0.28 -1.43375e+06
anbmcm 2 1 1 0.28 -37.5917
anbmcm 2 10 0.36 0.6 -140.447
anbmcm 2 100 1 1 -480.426
anbmcm 2 1000 1 1 -4149.56
anbmcm 2 10000 1 1 -40748.8
anbmcm 2 100000 1 1 -397765
anbmcm 3 1 1 0.28 -45.4327
anbmcm 3 10 1 1 -100.821
anbmcm 3 100 1 1 -489.052
anbmcm 3 1000 1 1 -4156.52
anbmcm 3 10000 1 1 -40379.6
anbmcm 3 100000 1 1 -397733
anbmcm 4 1 1 0.28 -54.4093
anbmcm 4 10 1 1 -102.648
anbmcm 4 100 1 1 -489.862
anbmcm 4 1000 1 1 -4143.95
anbmcm 4 10000 1 1 -40350
anbmcm 4 100000 1 1 -397831
anbmcnpm 1 1 1 0.04 -28.9627
anbmcnpm 1 10 0.76 1 -86.8913
anbmcnpm 1 100 1 1 -435.264
anbmcnpm 1 1000 1 1 -3876.72
anbmcnpm 1 10000 1 1 -41099
anbmcnpm 1 100000 1 1 -411730
anbmcnpm 2 1 1 0.04 -35.5874
anbmcnpm 2 10 1 1 -89.173
anbmcnpm 2 100 1 1 -440.152
anbmcnpm 2 1000 1 1 -3881.61
anbmcnpm 2 10000 1 1 -41116.6
anbmcnpm 2 100000 1 1 -411227
anbmcnpm 3 1 1 0.04 -43.0229
anbmcnpm 3 10 0.76 1 -106.144
anbmcnpm 3 100 1 1 -449.44
anbmcnpm 3 1000 1 1 -3890.9
anbmcnpm 3 10000 1 1 -41112.5
anbmcnpm 3 100000 1 1 -409857
anbmcnpm 4 1 1 0.04 -50.9161
anbmcnpm 4 10 0.84 1 -108.729
anbmcnpm 4 100 1 1 -461.906
anbmcnpm 4 1000 1 1 -3898.84
anbmcnpm 4 10000 1 1 -41121.1
anbmcnpm 4 100000 1 1 -410549
anbmcnm 1 1 0 0 -55.1224
anbmcnm 1 10 0.26666 0.52 -124.813
anbmcnm 1 100 0.23076 0.44 -1192.54
anbmcnm 1 1000 0.08 0.08 -19605
anbmcnm 1 10000 0.08 0.08 -189632
anbmcnm 1 100000 0.08 0.08 -1.96918e+06
anbmcnm 2 1 0.04 0 -57.6557
anbmcnm 2 10 0.4 0.72 -113.026
anbmcnm 2 100 0.32 0.52 -1188.91
anbmcnm 2 1000 0.2 0.48 -20569.5
anbmcnm 2 10000 0.32 0.72 -170249
anbmcnm 2 100000 0.4 0.36 -1.72545e+06
anbmcnm 3 1 0.15384 0.12 -66.6739
anbmcnm 3 10 0.22580 0.6 -129.089
anbmcnm 3 100 0.44 0.64 -1053.33
anbmcnm 3 1000 0.41379 0.48 -17212.8
anbmcnm 3 10000 0.24 0.6 -154776
anbmcnm 3 100000 0.24 0.6 -1.60699e+06
anbmcnm 4 1 0.04 0 -74.3061
anbmcnm 4 10 0.57692 0.56 -132.55
anbmcnm 4 100 0.4 0.56 -1283.64
anbmcnm 4 1000 0.36 0.52 -19067.8
anbmcnm 4 10000 0.2 0.6 -161202
anbmcnm 4 100000 0.28 0.32 -1.39981e+06
anbnpm 1 1 0.95238 0.24 -23.8158
anbnpm 1 10 1 0.84 -99.7281
anbnpm 1 100 1 1 -418.657
anbnpm 1 1000 1 1 -3926.87
anbnpm 1 10000 1 1 -39194.1
anbnpm 1 100000 1 1 -396647
anbnpm 2 1 1 0.04 -28.0464
anbnpm 2 10 0.68 0.28 -135.301
anbnpm 2 100 1 1 -412.198
anbnpm 2 1000 1 1 -3847.21
anbnpm 2 10000 1 1 -38296.1
anbnpm 2 100000 1 1 -387363
anbnpm 3 1 0.25 0.04 -37.0868
anbnpm 3 10 1 0.72 -119.225
anbnpm 3 100 1 1 -433.262
anbnpm 3 1000 1 1 -3864.3
anbnpm 3 10000 1 1 -38323.7
anbnpm 3 100000 1 1 -386216
anbnpm 4 1 1 0.04 -45.4546
anbnpm 4 10 1 1 -117.647
anbnpm 4 100 1 1 -427.096
anbnpm 4 1000 1 1 -3862.29
anbnpm 4 10000 1 1 -38304.9
anbnpm 4 100000 1 1 -385634
anbmcman 1 1 0.04761 0.04 -55.8458
anbmcman 1 10 0.36363 0.88 -199.325
anbmcman 1 100 0.46153 0.8 -2195.47
anbmcman 1 1000 0.88 1 -4486.74
anbmcman 1 10000 0.88 1 -43916.2
anbmcman 1 100000 0.88 1 -453180
anbmcman 2 1 0.01176 0.08 -56.822
anbmcman 2 10 1 1 -95.716
anbmcman 2 100 1 1 -472.515
anbmcman 2 1000 1 1 -4493.4
anbmcman 2 10000 1 1 -46681.7
anbmcman 2 100000 1 1 -419735
anbmcman 3 1 0 0 -62.6651
anbmcman 3 10 0.48 1 -104.199
anbmcman 3 100 1 1 -459.142
anbmcman 3 1000 1 1 -3900.82
anbmcman 3 10000 1 1 -40033
anbmcman 3 100000 1 1 -420174
anbmcman 4 1 1 0.2 -69.6466
anbmcman 4 10 0.96551 1 -109.867
anbmcman 4 100 1 1 -467.288
anbmcman 4 1000 1 1 -4464.98
anbmcman 4 10000 1 1 -40683.6
anbmcman 4 100000 1 1 -417990
anb2nc3n 1 1 0.01162 0.04 -41.3517
anb2nc3n 1 10 1 0.84 -72.217
anb2nc3n 1 100 1 0.84 -245.205
anb2nc3n 1 1000 1 0.84 -2918.29
anb2nc3n 1 10000 1 0.84 -21113.2
anb2nc3n 1 100000 1 0.84 -209565
anb2nc3n 2 1 0 0.04 -44.899
anb2nc3n 2 10 1 0.84 -76.1527
anb2nc3n 2 100 1 0.84 -249.141
anb2nc3n 2 1000 1 0.84 -2922.23
anb2nc3n 2 10000 1 0.84 -21117.1
anb2nc3n 2 100000 1 0.84 -209569
anb2nc3n 3 1 1 0.04 -51.0509
anb2nc3n 3 10 1 0.84 -84.7685
anb2nc3n 3 100 1 0.84 -257.757
anb2nc3n 3 1000 0.76 0.84 -2506.85
anb2nc3n 3 10000 1 0.84 -21136
anb2nc3n 3 100000 1 0.84 -209578
anb2nc3n 4 1 0 0.04 -60.9209
anb2nc3n 4 10 1 0.64 -93.5609
anb2nc3n 4 100 1 0.64 -265.244
anb2nc3n 4 1000 0.8 0.84 -2900.68
anb2nc3n 4 10000 1 0.84 -21133.2
anb2nc3n 4 100000 1 0.84 -209585
anbnp1cnp2 1 1 1 0.04 -28.9627
anbnp1cnp2 1 10 0.92 1 -67.2422
anbnp1cnp2 1 100 1 1 -241.944
anbnp1cnp2 1 1000 1 1 -2024.82
anbnp1cnp2 1 10000 1 1 -19409.2
anbnp1cnp2 1 100000 1 1 -193030
anbnp1cnp2 2 1 0.0625 0.04 -35.482
anbnp1cnp2 2 10 0.96 1 -78.1221
anbnp1cnp2 2 100 1 1 -250.232
anbnp1cnp2 2 1000 1 1 -2033.11
anbnp1cnp2 2 10000 1 1 -19417.5
anbnp1cnp2 2 100000 1 1 -193033
anbnp1cnp2 3 1 1 0.04 -43.0229
anbnp1cnp2 3 10 0.95454 0.84 -82.5811
anbnp1cnp2 3 100 1 0.88 -260.504
anbnp1cnp2 3 1000 1 0.88 -2043.38
anbnp1cnp2 3 10000 1 1 -19424
anbnp1cnp2 3 100000 1 1 -193045
anbnp1cnp2 4 1 1 0.04 -50.9161
anbnp1cnp2 4 10 0.90909 0.8 -91.9682
anbnp1cnp2 4 100 1 0.64 -264.222
anbnp1cnp2 4 1000 1 0.84 -2047.79
anbnp1cnp2 4 10000 1 1 -19558.3
anbnp1cnp2 4 100000 1 1 -193064
anubn 1 1 1 0.52 -19.3522
anubn 1 10 0.52 0.96 -64.5679
anubn 1 100 1 1 -301.573
anubn 1 1000 1 1 -2663.92
anubn 1 10000 1 1 -26301.5
anubn 1 100000 1 1 -261274
anubn 2 1 1 0.04 -22.9713
anubn 2 10 0.5 1 -58.1664
anubn 2 100 1 1 -302.177
anubn 2 1000 1 1 -2663.83
anubn 2 10000 1 1 -26301.4
anubn 2 100000 1 1 -261274
anubn 3 1 1 0.04 -30.4068
anubn 3 10 0.5 1 -66.0075
anubn 3 100 1 1 -309.354
anubn 3 1000 1 1 -2671.7
anubn 3 10000 1 1 -26307.9
anubn 3 100000 1 1 -261281
anubn 4 1 0.5 0.08 -40.1925
anubn 4 10 0.5 1 -73.4951
anubn 4 100 1 1 -314.826
anubn 4 1000 1 1 -2677.86
anubn 4 10000 1 1 -26315.4
anubn 4 100000 1 1 -261288
anuanbn 1 1 1 0.04 -6.6447
anuanbn 1 10 1 0.48 -50.2794
anuanbn 1 100 0.48 0.76 -391.443
anuanbn 1 1000 0.48 1 -3263.56
anuanbn 1 10000 0.68 1 -30706.3
anuanbn 1 100000 0.72 1 -295018
anuanbn 2 1 1 0.04 -13.2693
anuanbn 2 10 1 0.48 -55.8246
anuanbn 2 100 0.6 1 -329.234
anuanbn 2 1000 1 1 -2705.16
anuanbn 2 10000 1 1 -26259.5
anuanbn 2 100000 1 1 -261859
anuanbn 3 1 1 0.04 -20.7049
anuanbn 3 10 1 0.48 -65.4382
anuanbn 3 100 1 1 -301.393
anuanbn 3 1000 1 1 -2682.51
anuanbn 3 10000 1 1 -26237.5
anuanbn 3 100000 1 1 -261837
anuanbn 4 1 1 0.04 -28.598
anuanbn 4 10 1 0.48 -73.619
anuanbn 4 100 1 1 -347.57
anuanbn 4 1000 1 1 -2690.67
anuanbn 4 10000 1 1 -26245
anuanbn 4 100000 1 1 -261844
abnuban 1 1 1 0.52 -25.8102
abnuban 1 10 0.5 0.52 -74.562
abnuban 1 100 0.5 1 -397.783
abnuban 1 1000 0.52 1 -3229.26
abnuban 1 10000 0.52 1 -32429.8
abnuban 1 100000 0.52 1 -322631
abnuban 2 1 0.96 0.52 -33.9415
abnuban 2 10 0.56 0.52 -81.5495
abnuban 2 100 1 1 -311.982
abnuban 2 1000 1 1 -2621.72
abnuban 2 10000 1 1 -26361.8
abnuban 2 100000 1 1 -261917
abnuban 3 1 1 0.52 -41.6622
abnuban 3 10 0.6 0.52 -88.1891
abnuban 3 100 1 1 -333.052
abnuban 3 1000 1 1 -2641.26
abnuban 3 10000 1 1 -26383.6
abnuban 3 100000 1 1 -261939
abnuban 4 1 0.25 0.04 -49.2013
abnuban 4 10 0.125 1 -105.968
abnuban 4 100 0.5 1 -415.982
abnuban 4 1000 0.5 1 -3333.58
abnuban 4 10000 1 1 -26413.1
abnuban 4 100000 1 1 -262305
xx 1 1 1 0.04 -9.72199
xx 1 10 0.96774 1 -119.495
xx 1 100 0.96774 1 -1308.75
xx 1 1000 0.96774 1 -8549.2
xx 1 10000 0.96774 1 -84508.5
xx 1 100000 0.96774 1 -847402
xx 2 1 1 0.04 -16.3466
xx 2 10 0.55555 0.32 -102.423
xx 2 100 1 1 -1274.69
xx 2 1000 1 1 -8164.14
xx 2 10000 1 1 -80595.3
xx 2 100000 1 1 -808631
xx 3 1 1 0.04 -23.7822
xx 3 10 0.05882 0.16 -150.963
xx 3 100 0.83333 1 -1217.59
xx 3 1000 1 1 -8175.38
xx 3 10000 1 1 -80606.6
xx 3 100000 1 1 -808643
xx 4 1 1 0.04 -31.6753
xx 4 10 0.86111 0.48 -112.742
xx 4 100 1 1 -1244.4
xx 4 1000 1 1 -8181.48
xx 4 10000 1 1 -80612.7
xx 4 100000 1 1 -808180
xxx 1 1 1 0.04 -13.4925
xxx 1 10 0.16470 0.72 -186.654
xxx 1 100 0.96774 1 -1150.34
xxx 1 1000 0.96774 1 -11848
xxx 1 10000 0.96774 1 -121704
xxx 1 100000 0.96774 1 -1.18645e+06
xxx 2 1 1 0.04 -20.1171
xxx 2 10 0.97142 1 -102.004
xxx 2 100 1 1 -1155.94
xxx 2 1000 1 1 -11821.2
xxx 2 10000 1 1 -121423
xxx 2 100000 1 1 -1.18348e+06
xxx 3 1 1 0.04 -27.5526
xxx 3 10 0.22222 0.56 -127.039
xxx 3 100 0.38461 0.52 -1692.81
xxx 3 1000 1 1 -14032.8
xxx 3 10000 1 1 -138752
xxx 3 100000 1 1 -1.38013e+06
xxx 4 1 1 0.04 -35.4458
xxx 4 10 0.03448 0.28 -190.034
xxx 4 100 0.83333 1 -1111.64
xxx 4 1000 1 1 -11780.4
xxx 4 10000 1 1 -121459
xxx 4 100000 1 1 -1.18368e+06
xy 1 1 1 0.04 -17.2629
xy 1 10 0.97058 0.36 -140.637
xy 1 100 0.94444 1 -1154.55
xy 1 1000 0.92857 1 -11095.4
xy 1 10000 0.96666 1 -111922
xy 1 100000 0.92857 1 -1.07347e+06
xy 2 1 1 0.04 -23.8875
xy 2 10 1 0.6 -152.687
xy 2 100 1 0.92 -1130.04
xy 2 1000 0.92857 1 -10822.7
xy 2 10000 0.92857 1 -107985
xy 2 100000 0.92857 1 -1.07245e+06
xy 3 1 1 0.04 -31.3231
xy 3 10 0.92 0.84 -159.069
xy 3 100 1 1 -1142.97
xy 3 1000 0.94444 1 -10746.3
xy 3 10000 0.94444 1 -108214
xy 3 100000 0.94444 1 -1.0738e+06
xy 4 1 1 0.04 -39.2162
xy 4 10 1 0.6 -159.924
xy 4 100 0.92857 1 -1171.26
xy 4 1000 1 1 -10723.6
xy 4 10000 1 1 -107745
xy 4 100000 1 1 -1.06851e+06
xxr 1 1 0 0 -68.685
xxr 1 10 0.16666 0.88 -108.925
xxr 1 100 1 1 -978.277
xxr 1 1000 1 1 -7840.44
xxr 1 10000 1 1 -77506.8
xxr 1 100000 1 1 -815907
xxr 2 1 0.07142 0.04 -75.0009
xxr 2 10 0.16666 0.8 -110.644
xxr 2 100 0.16666 0.8 -1233.09
xxr 2 1000 1 1 -7840.18
xxr 2 10000 1 1 -77506.5
xxr 2 100000 1 1 -815907
xxr 3 1 0.02380 0 -81.0072
xxr 3 10 0.32142 0.4 -110.609
xxr 3 100 1 1 -991.311
xxr 3 1000 1 1 -7846.01
xxr 3 10000 1 1 -77512.3
xxr 3 100000 1 1 -815912
xxr 4 1 0.03125 0 -82.7853
xxr 4 10 0.19354 0.24 -127.195
xxr 4 100 1 1 -995.392
xxr 4 1000 1 1 -7869.71
xxr 4 10000 1 1 -77525.6
xxr 4 100000 1 1 -815926
xxi 1 1 0 0 -80.3446
xxi 1 10 0.16666 0.8 -140.662
xxi 1 100 0.96153 1 -598.39
xxi 1 1000 0.96153 1 -8347.04
xxi 1 10000 0.96153 1 -87061.8
xxi 1 100000 0.96153 1 -864319
xxi 2 1 0 0 -76.1475
xxi 2 10 0.53846 1 -131.345
xxi 2 100 1 1 -524.125
xxi 2 1000 0.9375 1 -7823.66
xxi 2 10000 1 1 -82744
xxi 2 100000 1 1 -807836
xxi 3 1 0 0 -75.0559
xxi 3 10 0.17647 0.36 -147.709
xxi 3 100 1 1 -532.883
xxi 3 1000 1 1 -7562.14
xxi 3 10000 1 1 -82749.8
xxi 3 100000 1 1 -807842
xxi 4 1 0 0 -92.1693
xxi 4 10 0.16666 0.92 -163.109
xxi 4 100 1 1 -540.147
xxi 4 1000 1 1 -7573.03
xxi 4 10000 1 1 -82760.7
xxi 4 100000 1 1 -807853
xxri 1 1 1 0.04 -17.2629
xxri 1 10 1 1 -74.0384
xxri 1 100 0.88 1 -502.055
xxri 1 1000 0.84615 1 -8407.7
xxri 1 10000 1 1 -81357.7
xxri 1 100000 1 1 -812242
xxri 2 1 1 0.04 -21.585
xxri 2 10 1 1 -73.4051
xxri 2 100 1 1 -512.689
xxri 2 1000 1 1 -7924.55
xxri 2 10000 1 1 -81352.1
xxri 2 100000 1 1 -812235
xxri 3 1 1 0.04 -29.0205
xxri 3 10 1 1 -81.9393
xxri 3 100 1 1 -515.815
xxri 3 1000 1 1 -7932.97
xxri 3 10000 1 1 -81360.5
xxri 3 100000 1 1 -812245
xxri 4 1 1 0.04 -36.9137
xxri 4 10 1 1 -91.0364
xxri 4 100 1 1 -526.075
xxri 4 1000 1 1 -7927.19
xxri 4 10000 1 1 -81364.5
xxri 4 100000 1 1 -812249
unequal 1 1 1 0.04 -13.4925
unequal 1 10 1 0.28 -63.6662
unequal 1 100 0.73333 1 -470.792
unequal 1 1000 0.73333 1 -4853.8
unequal 1 10000 0.85714 1 -46487.3
unequal 1 100000 0.85714 1 -461382
unequal 2 1 1 0.04 -20.1171
unequal 2 10 1 0.28 -70.984
unequal 2 100 0.88095 0.84 -478.074
unequal 2 1000 0.78571 1 -4831.65
unequal 2 10000 0.75 1 -46125.9
unequal 2 100000 0.75 1 -456766
unequal 3 1 1 0.04 -27.5526
unequal 3 10 1 0.52 -78.3069
unequal 3 100 0.96153 0.84 -477.903
unequal 3 1000 0.9 0.92 -4778.67
unequal 3 10000 0.9 1 -46115.6
unequal 3 100000 0.9 1 -456527
unequal 4 1 1 0.04 -35.4458
unequal 4 10 1 0.52 -86.7754
unequal 4 100 0.73333 1 -494.132
unequal 4 1000 0.9375 1 -4763.17
unequal 4 10000 0.78571 1 -45703
unequal 4 100000 0.78571 1 -451573
bach2 1 1 1 0.04 -20.0355
bach2 1 10 0.96296 0.56 -130.223
bach2 1 100 0.39285 1 -1312.14
bach2 1 1000 0.33333 1 -12886.3
bach2 1 10000 0.65517 0.72 -130579
bach2 1 100000 0.65517 0.72 -1.27625e+06
bach2 2 1 1 0.04 -22.9713
bach2 2 10 1 0.72 -118.114
bach2 2 100 0.76 0.92 -1238.6
bach2 2 1000 0.46153 0.68 -12222.1
bach2 2 10000 0.29629 1 -127661
bach2 2 100000 0.29629 1 -1.25419e+06
bach2 3 1 1 0.04 -30.4068
bach2 3 10 0.33333 0.4 -133.442
bach2 3 100 0.29629 1 -1272.56
bach2 3 1000 0.29629 1 -12407.7
bach2 3 10000 0.63414 0.96 -125357
bach2 3 100000 0.63414 0.96 -1.22935e+06
bach2 4 1 1 0.04 -38.3
bach2 4 10 0.61538 0.52 -141.014
bach2 4 100 0.29629 1 -1280.3
bach2 4 1000 0.29629 1 -12390.6
bach2 4 10000 0.38461 1 -128501
bach2 4 100000 0.38461 1 -1.25689e+06
bach3 1 1 1 0.04 -15.5719
bach3 1 10 0.05555 0.08 -426.793
bach3 1 100 0.09090 0.2 -2783.77
bach3 1 1000 0.22222 0.24 -34841.9
bach3 1 10000 0.22222 0.24 -343062
bach3 1 100000 0.22222 0.24 -3.39421e+06
bach3 2 1 1 0.04 -22.1965
bach3 2 10 0 0.04 -419.284
bach3 2 100 0.22222 0.24 -2755.34
bach3 2 1000 0.02343 0.24 -34201.7
bach3 2 10000 0.02343 0.24 -335345
bach3 2 100000 0.02343 0.24 -3.32338e+06
bach3 3 1 1 0.04 -29.6321
bach3 3 10 0.13265 0.32 -431.078
bach3 3 100 0.15384 0.6 -2719.21
bach3 3 1000 0.02343 0.24 -34210.8
bach3 3 10000 0.02343 0.24 -335354
bach3 3 100000 0.02343 0.24 -3.32339e+06
bach3 4 1 1 0.04 -37.5252
bach3 4 10 0 0.56 -429.959
bach3 4 100 0.03333 0.24 -2760.47
bach3 4 1000 0.02352 0.24 -33902.3
bach3 4 10000 0.03448 0.24 -332759
bach3 4 100000 0.03448 0.24 -3.29719e+06
xmagx 1 1 1 0.04 -17.2629
xmagx 1 10 0.33333 0.4 -115.906
xmagx 1 100 0.11111 0.24 -2723.72
xmagx 1 1000 0.19230 0.96 -46751
xmagx 1 10000 0.19230 0.96 -419279
xmagx 1 100000 0.19230 0.96 -4.15868e+06
xmagx 2 1 1 0.04 -21.585
xmagx 2 10 0.32142 0.6 -95.6085
xmagx 2 100 0.2 0.64 -2465.77
xmagx 2 1000 0.10526 0.52 -47983.9
xmagx 2 10000 0.11428 0.52 -426506
xmagx 2 100000 0.12820 0.96 -4.10209e+06
xmagx 3 1 1 0.04 -29.0205
xmagx 3 10 0.25 0.52 -107.178
xmagx 3 100 0.05405 0.56 -2718.68
xmagx 3 1000 0.16666 1 -48952.3
xmagx 3 10000 0.11111 1 -410987
xmagx 3 100000 0.11111 1 -4.13288e+06
xmagx 4 1 1 0.04 -36.9137
xmagx 4 10 0.24 0.44 -118.736
xmagx 4 100 0.10526 0.6 -2657.44
xmagx 4 1000 0.22222 0.68 -47916.1
xmagx 4 10000 0.11111 0.92 -425299
xmagx 4 100000 0.16216 0.56 -4.13479e+06
anpower2 1 1 1 0.05 -5.95153
anpower2 1 10 0.95238 1 -43.4122
anpower2 1 100 0.95238 1 -177.608
anpower2 1 1000 0.95238 1 -1416.98
anpower2 1 10000 0.95238 1 -14187.1
anpower2 1 100000 0.95238 1 -141087
anpower2 2 1 1 0.05 -12.5762
anpower2 2 10 0.95238 1 -47.6527
anpower2 2 100 0.95238 1 -181.848
anpower2 2 1000 0.95238 1 -1421.22
anpower2 2 10000 0.95238 1 -14191.3
anpower2 2 100000 0.95238 1 -141091
anpower2 3 1 1 0.05 -20.0117
anpower2 3 10 0.95238 1 -55.4937
anpower2 3 100 0.95238 1 -189.689
anpower2 3 1000 0.95238 1 -1429.06
anpower2 3 10000 0.95238 1 -14199.1
anpower2 3 100000 0.95238 1 -141099
anpower2 4 1 1 0.05 -27.9049
anpower2 4 10 0.95238 1 -63.6745
anpower2 4 100 0.95238 1 -197.87
anpower2 4 1000 0.95238 1 -1437.24
anpower2 4 10000 0.95238 1 -14207.3
anpower2 4 100000 0.95238 1 -141107
anbmcndm 1 1 1 0.04 -28.9627
anbmcndm 1 10 0.35714 0.48 -148.069
anbmcndm 1 100 0 0 -2256.45
anbmcndm 1 1000 0.04 0.08 -23922.2
anbmcndm 1 10000 0 0 -230394
anbmcndm 1 100000 0 0 -2.23492e+06
anbmcndm 2 1 1 0.04 -35.5874
anbmcndm 2 10 0.38461 0.28 -150.852
anbmcndm 2 100 0.92 1 -443.341
anbmcndm 2 1000 0.96551 1 -3996.36
anbmcndm 2 10000 0.96551 1 -44072.5
anbmcndm 2 100000 0.96551 1 -422840
anbmcndm 3 1 1 0.04 -43.0229
anbmcndm 3 10 0.36 0.56 -139.768
anbmcndm 3 100 0.92 1 -454.591
anbmcndm 3 1000 0.96551 1 -4007.61
anbmcndm 3 10000 1 1 -43449.1
anbmcndm 3 100000 1 1 -410783
anbmcndm 4 1 1 0.04 -50.9161
anbmcndm 4 10 1 1 -116.071
anbmcndm 4 100 1 1 -451.035
anbmcndm 4 1000 1 1 -3965.07
anbmcndm 4 10000 1 1 -42889.6
anbmcndm 4 100000 1 1 -411666
anbmanbm 1 1 0.90476 0.16 -40.9871
anbmanbm 1 10 0.56 0.92 -124.236
anbmanbm 1 100 0.72 1 -1266.67
anbmanbm 1 1000 0.72 1 -11168.6
anbmanbm 1 10000 0.72 1 -98038.3
anbmanbm 1 100000 0.72 1 -1.00574e+06
anbmanbm 2 1 1 0.24 -42.0034
anbmanbm 2 10 0.4 1 -95.3823
anbmanbm 2 100 0.4 1 -739.719
anbmanbm 2 1000 1 1 -4282.89
anbmanbm 2 10000 1 1 -41766.9
anbmanbm 2 100000 1 1 -419229
anbmanbm 3 1 0.25 0.24 -46.5801
anbmanbm 3 10 1 1 -103.208
anbmanbm 3 100 1 1 -459.073
anbmanbm 3 1000 1 1 -4286.73
anbmanbm 3 10000 1 1 -41524.7
anbmanbm 3 100000 1 1 -419245
anbmanbm 4 1 1 0.24 -54.2548
anbmanbm 4 10 1 1 -98.573
anbmanbm 4 100 1 1 -449.346
anbmanbm 4 1000 1 1 -4276.31
anbmanbm 4 10000 1 1 -41541
anbmanbm 4 100000 1 1 -419815
anbmanbmccc 1 1 0.04761 0.04 -37.9098
anbmanbmccc 1 10 0 0 -291.629
anbmanbmccc 1 100 0 0 -1552.68
anbmanbmccc 1 1000 0.84 0.88 -24268.1
anbmanbmccc 1 10000 0.23076 1 -70536.7
anbmanbmccc 1 100000 0.23076 1 -710737
anbmanbmccc 2 1 1 0.04 -45.2893
anbmanbmccc 2 10 0.04 0.28 -189.618
anbmanbmccc 2 100 0.48 0.8 -916.262
anbmanbmccc 2 1000 1 1 -4367.98
anbmanbmccc 2 10000 1 1 -42210.2
anbmanbmccc 2 100000 1 1 -421103
anbmanbmccc 3 1 1 0.04 -50.6454
anbmanbmccc 3 10 1 1 -114.655
anbmanbmccc 3 100 1 1 -445.597
anbmanbmccc 3 1000 1 1 -4282.32
anbmanbmccc 3 10000 1 1 -41937.9
anbmanbmccc 3 100000 1 1 -422214
anbmanbmccc 4 1 1 0.04 -58.5386
anbmanbmccc 4 10 1 1 -121.559
anbmanbmccc 4 100 1 1 -452.597
anbmanbmccc 4 1000 1 1 -4013.49
anbmanbmccc 4 10000 1 1 -41132
anbmanbmccc 4 100000 1 1 -419455
anbncn 1 1 1 0.04 -15.5719
anbncn 1 10 1 1 -56.9152
anbncn 1 100 1 1 -221.499
anbncn 1 1000 1 1 -1980.23
anbncn 1 10000 1 1 -19227.2
anbncn 1 100000 1 1 -193351
anbncn 2 1 1 0.04 -22.1965
anbncn 2 10 0.96 1 -63.6249
anbncn 2 100 1 1 -228.59
anbncn 2 1000 1 1 -1987.55
anbncn 2 10000 1 1 -19233.8
anbncn 2 100000 1 1 -193358
anbncn 3 1 1 0.04 -29.6321
anbncn 3 10 1 0.88 -68.9967
anbncn 3 100 1 0.88 -233.581
anbncn 3 1000 1 0.88 -1992.7
anbncn 3 10000 1 1 -19242.3
anbncn 3 100000 1 1 -193366
anbncn 4 1 1 0.04 -37.5252
anbncn 4 10 1 0.64 -80.3364
anbncn 4 100 1 0.84 -244.92
anbncn 4 1000 1 0.84 -2001.57
anbncn 4 10000 1 1 -19252.6
anbncn 4 100000 1 1 -193376
anbncndn 1 1 0 0.04 -33.8107
anbncndn 1 10 1 1 -62.7144
anbncndn 1 100 1 1 -227.763
anbncndn 1 1000 1 1 -1999.69
anbncndn 1 10000 1 1 -19286.8
anbncndn 1 100000 1 1 -192851
anbncndn 2 1 0 0.04 -40.4354
anbncndn 2 10 1 0.84 -72.4388
anbncndn 2 100 1 1 -235.774
anbncndn 2 1000 1 1 -2007.71
anbncndn 2 10000 1 1 -19294.8
anbncndn 2 100000 1 1 -192859
anbncndn 3 1 0 0.04 -48.2764
anbncndn 3 10 1 0.88 -78.7412
anbncndn 3 100 1 0.88 -242.922
anbncndn 3 1000 1 0.88 -2014.85
anbncndn 3 10000 1 0.88 -19301.9
anbncndn 3 100000 1 1 -192867
anbncndn 4 1 0 0.04 -56.4572
anbncndn 4 10 1 0.64 -86.054
anbncndn 4 100 1 0.84 -251.103
anbncndn 4 1000 1 0.84 -2023.03
anbncndn 4 10000 1 0.88 -19310.8
anbncndn 4 100000 1 1 -192876
anbncndnen 1 1 0 0 -87.2916
anbncndnen 1 10 0.12 0.4 -136.934
anbncndnen 1 100 0.10714 0.4 -597.112
anbncndnen 1 1000 0.10714 0.4 -5314.83
anbncndnen 1 10000 0.14285 0.48 -40857.6
anbncndnen 1 100000 0.14285 0.48 -413371
anbncndnen 2 1 0 0.04 -70.0723
anbncndnen 2 10 1 0.84 -81.3187
anbncndnen 2 100 1 1 -250.496
anbncndnen 2 1000 1 1 -1977.12
anbncndnen 2 10000 1 1 -19329.9
anbncndnen 2 100000 1 1 -193046
anbncndnen 3 1 0 0.04 -72.2379
anbncndnen 3 10 0.95454 0.84 -88.8154
anbncndnen 3 100 1 0.84 -265.758
anbncndnen 3 1000 1 0.84 -2138
anbncndnen 3 10000 1 0.84 -21010.1
anbncndnen 3 100000 1 0.84 -224681
anbncndnen 4 1 0 0.04 -79.644
anbncndnen 4 10 0.10714 0.28 -131.815
anbncndnen 4 100 0.12 0.52 -534.278
anbncndnen 4 1000 0.14285 0.52 -4576.22
anbncndnen 4 10000 0.14285 0.52 -48215
anbncndnen 4 100000 0.16 0.56 -436423
a2tothen 1 1 1 0.1 -6.6447
a2tothen 1 10 1 0.1 -18.8083
a2tothen 1 100 0.44444 0.4 -79.1795
a2tothen 1 1000 1 1 -669.3
a2tothen 1 10000 1 1 -6513.75
a2tothen 1 100000 1 0.9 -64824.4
a2tothen 2 1 1 0.1 -13.2693
a2tothen 2 10 1 0.1 -25.4329
a2tothen 2 100 0.44444 0.4 -86.4972
a2tothen 2 1000 1 1 -671.461
a2tothen 2 10000 1 1 -6515.91
a2tothen 2 100000 1 0.9 -64826.8
a2tothen 3 1 1 0.1 -20.7049
a2tothen 3 10 1 0.1 -32.8685
a2tothen 3 100 0.44444 0.4 -94.3383
a2tothen 3 1000 1 1 -679.302
a2tothen 3 10000 1 1 -6523.75
a2tothen 3 100000 1 0.9 -64834.6
a2tothen 4 1 1 0.1 -28.598
a2tothen 4 10 1 0.1 -40.7616
a2tothen 4 100 0.44444 0.4 -102.519
a2tothen 4 1000 1 1 -687.482
a2tothen 4 10000 1 1 -6531.93
a2tothen 4 100000 1 0.9 -64842.5
abnsquared 1 1 0.19047 0.30769 -23.8257
abnsquared 1 10 0.19047 0.30769 -32.3237
abnsquared 1 100 1 0.92307 -125.899
abnsquared 1 1000 0.92857 1 -1004.12
abnsquared 1 10000 0.92857 1 -9793.97
abnsquared 1 100000 0.92857 1 -97599.4
abnsquared 2 1 1 0.07692 -28.128
abnsquared 2 10 0.19047 0.30769 -39.6415
abnsquared 2 100 1 0.92307 -124.982
abnsquared 2 1000 0.92857 1 -1003.2
abnsquared 2 10000 0.92857 1 -9794.4
abnsquared 2 100000 0.92857 1 -97599.8
abnsquared 3 1 1 0.07692 -35.6452
abnsquared 3 10 0.19047 0.30769 -47.4825
abnsquared 3 100 1 0.92307 -132.823
abnsquared 3 1000 0.92857 1 -1011.04
abnsquared 3 10000 0.92857 1 -9802.24
abnsquared 3 100000 0.92857 1 -97607.7
abnsquared 4 1 1 0.07692 -43.5383
abnsquared 4 10 0.25 0.30769 -55.6633
abnsquared 4 100 1 0.92307 -141.004
abnsquared 4 1000 0.92857 1 -1019.22
abnsquared 4 10000 0.92857 1 -9810.42
abnsquared 4 100000 0.92857 1 -97615.9
count 1 1 0.95238 0.8 -29.7573
count 1 10 1 0.84 -48.9576
count 1 100 1 1 -193.585
count 1 1000 1 1 -1773.04
count 1 10000 1 1 -17022.4
count 1 100000 1 1 -170440
count 2 1 1 0.04 -34.2011
count 2 10 1 0.84 -53.1981
count 2 100 1 1 -197.826
count 2 1000 1 1 -1777.28
count 2 10000 1 1 -17026.6
count 2 100000 1 1 -170444
count 3 1 1 0.04 -42.0421
count 3 10 1 0.84 -60.346
count 3 100 1 0.84 -205.634
count 3 1000 1 1 -1784.42
count 3 10000 1 1 -17033.8
count 3 100000 1 1 -170451
count 4 1 1 0.04 -52.4655
count 4 10 1 0.84 -69.22
count 4 100 1 1 -213.155
count 4 1000 1 1 -1792.6
count 4 10000 1 1 -17042.6
count 4 100000 1 1 -170459
chinesenumeral 1 1 1 0.04 -28.5743
chinesenumeral 1 10 1 0.76 -201.074
chinesenumeral 1 100 0.89285 0.52 -10723.7
chinesenumeral 1 1000 0.88 0.6 -72821.5
chinesenumeral 1 10000 0.88461 0.6 -672035
chinesenumeral 1 100000 0.92307 0.6 -6.75518e+06
chinesenumeral 2 1 1 0.04 -29.1259
chinesenumeral 2 10 0.81481 0.64 -202.154
chinesenumeral 2 100 1 0.48 -10088.2
chinesenumeral 2 1000 1 0.56 -68691.8
chinesenumeral 2 10000 1 0.56 -634018
chinesenumeral 2 100000 1 0.56 -6.35349e+06
chinesenumeral 3 1 1 0.04 -36.5614
chinesenumeral 3 10 1 0.76 -215.316
chinesenumeral 3 100 1 0.52 -9922.79
chinesenumeral 3 1000 0.96 0.32 -70663.4
chinesenumeral 3 10000 0.92 0.56 -667189
chinesenumeral 3 100000 0.92 0.56 -6.69625e+06
chinesenumeral 4 1 1 0.04 -44.4546
chinesenumeral 4 10 0.84848 0.64 -219.125
chinesenumeral 4 100 0.92 0.36 -9748.44
chinesenumeral 4 1000 0.84 0.4 -66711.9
chinesenumeral 4 10000 0.84 0.4 -633325
chinesenumeral 4 100000 0.84 0.4 -6.35429e+06
